-0.0474743518913
-0.0190524877518
-0.0394711428898
-0.0398218154164
-0.0511897947774
-0.091961102593
-0.0836917035224
-0.0424849495848
-0.156023242014
-0.0489872581053
-0.0745500631504
-0.0455571384259
-0.055737349957
-0.0796547535261
-0.0141243503715
-0.0307790852244
-0.0111374520952
-0.0260632405674
-0.0126397639128
-0.0185580428865
-0.00106820407021
-0.00528004055056
-0.0314107688191
-0.0254594366175
-0.0138316083102
-0.222731530152
-0.0336405865033
-0.024144369592
-0.0359621225998
-0.0212882377184
-0.0782472818941
-0.100345775626
-0.0607911137145
-0.0640850085189
-0.238441820912
-0.0148328859055
-9.24098232429e-05
0.0012648768726
-0.0217055224452
-0.0506015410737
-0.297636161071
-0.00716921335911
-0.345653176495
-0.0466253277323
-0.0684703131445
-0.107827429496
-0.503306541662
-0.117395262789
-0.0533843397316
-0.0666343884739
-0.0212279900034
-0.0261635657252
-0.0180626091349
-0.0262097490803
-0.0509304686819
-0.0162849152033
-0.0986696305193
-0.122003182148
-0.0655262686527
-0.0691798342895
0.00332233388078
-0.0785552156792
-0.0474545522538
-0.0570627118427
-0.0762615021759
-0.0862223902662
-0.160138900954
-0.209724326263
-0.218344696037
-0.188641380222
-0.239656366947
-0.137935304269
-0.219395376434
-0.196014840264
-0.181512447521

